20
25
0000000011111111111111111
0000000011000000000000011
0000000011000000000000011
0000000011111111111111111
0000000002200000000000220
0000000002200000000000220
0000000002200000000000220
0000000002200000000000220
0000000002200000000000220
0000000002200000000000220
0000000002200000000000220
0000000002200000000000220
0000000022000000000000220
0000002220000000000000220
0000022000000000000000220
0000022000000000000002200
0000002200000000000022000
0000000222222222222220000
0000000022222222222220000
0000000000000000000000000
